S(x) = 0.200000
F(x) = 0.197396
Delta = 0.002604
Delta otn = 0.013194

