S(x) = -0.463467
F(x) = -0.463648
Delta = 0.000180
Delta otn = 0.000389

